16
54
18
2
4
4
t:0
0
0.490126
0
0.09
0.9
0.092
1
0
0
1
0.990126
1
0
0.127201
2
0.09
0.9
0.092
1
0
0.333333
1
0.627201
1
0
0.45094
4
0.09
0.9
0.092
1
0
0.666667
1
0.95094
1
0
0.311425
6
0.09
0.9
0.092
1
0
1
1
0.573153
1
2
0.0312509
0
0.09
0.9
0.092
1
0.333333
0
1
0.531251
1
2
0.367686
2
0.09
0.9
0.092
1
0.333333
0.333333
1
0.867686
1
2
0.170995
4
0.09
0.9
0.092
1
0.333333
0.666667
1
0.670995
1
2
0.572922
6
0.09
0.9
0.092
1
0.333333
1
1
0.988783
1
4
0.355784
0
0.09
0.9
0.092
1
0.666667
0
1
0.855784
1
4
0.78356
2
0.09
0.9
0.092
1
0.666667
0.333333
1
1.28356
1
4
0.444562
4
0.09
0.9
0.092
1
0.666667
0.666667
1
0.944562
1
4
0.0311288
6
0.09
0.9
0.092
1
0.666667
1
1
0.536317
1
6
0.722646
0
0.09
0.9
0.092
1
1
0
1
1.31356
1
6
0.381663
2
0.09
0.9
0.092
1
1
0.333333
1
0.993696
1
6
0.756506
4
0.09
0.9
0.092
1
1
0.666667
1
1.4096
1
6
0.355814
6
0.09
0.9
0.092
1
1
1
1
0.818002
1
0
4
1
4
5
1
1
5
2
5
6
2
2
6
3
6
7
3
4
8
5
8
9
5
5
9
6
9
10
6
6
10
7
10
11
7
8
12
9
12
13
9
9
13
10
13
14
10
10
14
11
14
15
11
0
0
t:1
0
0.311425
6
0.09
0.9
0.092
1
0
0
1
1.0497
1
0
0.707753
8
0.09
0.9
0.092
1
0
0.333333
1
1.20775
1
0
0.502028
10
0.09
0.9
0.092
1
0
0.666667
1
1.00203
1
0
0.578629
12
0.09
0.9
0.092
1
0
1
1
0.831033
1
2
0.572922
6
0.09
0.9
0.092
1
0.333333
0
1
1.15706
1
2
0.393718
8
0.09
0.9
0.092
1
0.333333
0.333333
1
0.893718
1
2
0.0781271
10
0.09
0.9
0.092
1
0.333333
0.666667
1
0.578127
1
2
0.642916
12
0.09
0.9
0.092
1
0.333333
1
1
1.22603
1
4
0.0311288
6
0.09
0.9
0.092
1
0.666667
0
1
0.525941
1
4
0.853814
8
0.09
0.9
0.092
1
0.666667
0.333333
1
1.35381
1
4
0.311868
10
0.09
0.9
0.092
1
0.666667
0.666667
1
0.811868
1
4
0.23957
12
0.09
0.9
0.092
1
0.666667
1
1
0.739386
1
6
0.355814
6
0.09
0.9
0.092
1
1
0
1
1.17244
1
6
0.689808
8
0.09
0.9
0.092
1
1
0.333333
1
1.36468
1
6
0.593186
10
0.09
0.9
0.092
1
1
0.666667
1
1.39923
1
6
0.353167
12
0.09
0.9
0.092
1
1
1
1
0.70545
1
0
4
1
4
5
1
1
5
2
5
6
2
2
6
3
6
7
3
4
8
5
8
9
5
5
9
6
9
10
6
6
10
7
10
11
7
8
12
9
12
13
9
9
13
10
13
14
10
10
14
11
14
15
11
0
1
t:2
0
0.578629
12
0.09
0.9
0.092
1
0
0
1
1.32623
1
0
0.538314
14
0.09
0.9
0.092
1
0
0.333333
1
1.03831
1
0
0.600297
16
0.09
0.9
0.092
1
0
0.666667
1
1.1003
1
0
0.572037
18
0.09
0.9
0.092
1
0
1
1
1.05534
1
2
0.642916
12
0.09
0.9
0.092
1
0.333333
0
1
1.0598
1
2
0.560074
14
0.09
0.9
0.092
1
0.333333
0.333333
1
1.06007
1
2
0.150578
16
0.09
0.9
0.092
1
0.333333
0.666667
1
0.650578
1
2
0.183721
18
0.09
0.9
0.092
1
0.333333
1
1
0.708014
1
4
0.23957
12
0.09
0.9
0.092
1
0.666667
0
1
0.739753
1
4
0.959743
14
0.09
0.9
0.092
1
0.666667
0.333333
1
1.45974
1
4
0.572648
16
0.09
0.9
0.092
1
0.666667
0.666667
1
1.07265
1
4
0.449399
18
0.09
0.9
0.092
1
0.666667
1
1
0.760505
1
6
0.353167
12
0.09
0.9
0.092
1
1
0
1
1.08144
1
6
0.510695
14
0.09
0.9
0.092
1
1
0.333333
1
0.572023
1
6
0.872552
16
0.09
0.9
0.092
1
1
0.666667
1
1.41931
1
6
0.63357
18
0.09
0.9
0.092
1
1
1
1
1.3829
1
0
4
1
4
5
1
1
5
2
5
6
2
2
6
3
6
7
3
4
8
5
8
9
5
5
9
6
9
10
6
6
10
7
10
11
7
8
12
9
12
13
9
9
13
10
13
14
10
10
14
11
14
15
11
0
2
t:3
0
0.572037
18
0.09
0.9
0.092
1
0
0
1
1.08873
1
0
0.84301
20
0.09
0.9
0.092
1
0
0.333333
1
1.34301
1
0
0.979855
22
0.09
0.9
0.092
1
0
0.666667
1
1.47985
1
0
0.324838
24
0.09
0.9
0.092
1
0
1
1
0.824838
1
2
0.183721
18
0.09
0.9
0.092
1
0.333333
0
1
0.659428
1
2
0.138218
20
0.09
0.9
0.092
1
0.333333
0.333333
1
0.638218
1
2
0.980465
22
0.09
0.9
0.092
1
0.333333
0.666667
1
1.48047
1
2
0.939815
24
0.09
0.9
0.092
1
0.333333
1
1
1.43981
1
4
0.449399
18
0.09
0.9
0.092
1
0.666667
0
1
1.13829
1
4
0.209112
20
0.09
0.9
0.092
1
0.666667
0.333333
1
0.709112
1
4
0.809715
22
0.09
0.9
0.092
1
0.666667
0.666667
1
1.30971
1
4
0.632586
24
0.09
0.9
0.092
1
0.666667
1
1
1.13259
1
6
0.63357
18
0.09
0.9
0.092
1
1
0
1
0.598239
1
6
0.608171
20
0.09
0.9
0.092
1
1
0.333333
1
1.47406
1
6
0.459363
22
0.09
0.9
0.092
1
1
0.666667
1
1.30117
1
6
0.349375
24
0.09
0.9
0.092
1
1
1
1
1.13756
1
0
4
1
4
5
1
1
5
2
5
6
2
2
6
3
6
7
3
4
8
5
8
9
5
5
9
6
9
10
6
6
10
7
10
11
7
8
12
9
12
13
9
9
13
10
13
14
10
10
14
11
14
15
11
0
3
t:4
6
0.722646
0
0.09
0.9
0.092
1
0
0
1
1.13173
1
6
0.381663
2
0.09
0.9
0.092
1
0
0.333333
1
0.76963
1
6
0.756506
4
0.09
0.9
0.092
1
0
0.666667
1
1.10341
1
6
0.355814
6
0.09
0.9
0.092
1
0
1
1
0.532777
1
8
0.432538
0
0.09
0.9
0.092
1
0.333333
0
1
0.932538
1
8
0.729573
2
0.09
0.9
0.092
1
0.333333
0.333333
1
1.22957
1
8
0.16953
4
0.09
0.9
0.092
1
0.333333
0.666667
1
0.66953
1
8
0.467237
6
0.09
0.9
0.092
1
0.333333
1
1
1.39709
1
10
0.950618
0
0.09
0.9
0.092
1
0.666667
0
1
1.45062
1
10
0.446149
2
0.09
0.9
0.092
1
0.666667
0.333333
1
0.946149
1
10
0.396861
4
0.09
0.9
0.092
1
0.666667
0.666667
1
0.896861
1
10
0.317041
6
0.09
0.9
0.092
1
0.666667
1
1
1.01543
1
12
0.89303
0
0.09
0.9
0.092
1
1
0
1
1.39968
1
12
0.529266
2
0.09
0.9
0.092
1
1
0.333333
1
0.571596
1
12
0.368785
4
0.09
0.9
0.092
1
1
0.666667
1
0.948407
1
12
0.613245
6
0.09
0.9
0.092
1
1
1
1
1.03993
1
0
4
1
4
5
1
1
5
2
5
6
2
2
6
3
6
7
3
4
8
5
8
9
5
5
9
6
9
10
6
6
10
7
10
11
7
8
12
9
12
13
9
9
13
10
13
14
10
10
14
11
14
15
11
1
0
t:5
6
0.355814
6
0.09
0.9
0.092
1
0
0
1
0.900035
1
6
0.689808
8
0.09
0.9
0.092
1
0
0.333333
1
1.01494
1
6
0.593186
10
0.09
0.9
0.092
1
0
0.666667
1
0.787148
1
6
0.353167
12
0.09
0.9
0.092
1
0
1
1
1.01185
1
8
0.467237
6
0.09
0.9
0.092
1
0.333333
0
1
0.537385
1
8
0.890741
8
0.09
0.9
0.092
1
0.333333
0.333333
1
1.39074
1
8
0.45445
10
0.09
0.9
0.092
1
0.333333
0.666667
1
0.95445
1
8
0.545074
12
0.09
0.9
0.092
1
0.333333
1
1
1.15132
1
10
0.317041
6
0.09
0.9
0.092
1
0.666667
0
1
0.618656
1
10
0.876306
8
0.09
0.9
0.092
1
0.666667
0.333333
1
1.37631
1
10
0.623919
10
0.09
0.9
0.092
1
0.666667
0.666667
1
1.12392
1
10
0.371516
12
0.09
0.9
0.092
1
0.666667
1
1
0.82081
1
12
0.613245
6
0.09
0.9
0.092
1
1
0
1
1.40658
1
12
0.229193
8
0.09
0.9
0.092
1
1
0.333333
1
0.633213
1
12
0.891412
10
0.09
0.9
0.092
1
1
0.666667
1
1.46191
1
12
0.404972
12
0.09
0.9
0.092
1
1
1
1
0.568666
1
0
4
1
4
5
1
1
5
2
5
6
2
2
6
3
6
7
3
4
8
5
8
9
5
5
9
6
9
10
6
6
10
7
10
11
7
8
12
9
12
13
9
9
13
10
13
14
10
10
14
11
14
15
11
1
1
t:6
6
0.353167
12
0.09
0.9
0.092
1
0
0
1
0.613925
1
6
0.510695
14
0.09
0.9
0.092
1
0
0.333333
1
1.44937
1
6
0.872552
16
0.09
0.9
0.092
1
0
0.666667
1
1.3258
1
6
0.63357
18
0.09
0.9
0.092
1
0
1
1
1.15911
1
8
0.545074
12
0.09
0.9
0.092
1
0.333333
0
1
0.938824
1
8
0.758261
14
0.09
0.9
0.092
1
0.333333
0.333333
1
1.25826
1
8
0.831596
16
0.09
0.9
0.092
1
0.333333
0.666667
1
1.3316
1
8
0.514022
18
0.09
0.9
0.092
1
0.333333
1
1
1.49469
1
10
0.371516
12
0.09
0.9
0.092
1
0.666667
0
1
0.922222
1
10
0.691364
14
0.09
0.9
0.092
1
0.666667
0.333333
1
1.19136
1
10
0.821739
16
0.09
0.9
0.092
1
0.666667
0.666667
1
1.32174
1
10
0.470747
18
0.09
0.9
0.092
1
0.666667
1
1
0.837442
1
12
0.404972
12
0.09
0.9
0.092
1
1
0
1
0.909069
1
12
0.696415
14
0.09
0.9
0.092
1
1
0.333333
1
1.31988
1
12
0.718144
16
0.09
0.9
0.092
1
1
0.666667
1
1.26476
1
12
0.414692
18
0.09
0.9
0.092
1
1
1
1
1.23568
1
0
4
1
4
5
1
1
5
2
5
6
2
2
6
3
6
7
3
4
8
5
8
9
5
5
9
6
9
10
6
6
10
7
10
11
7
8
12
9
12
13
9
9
13
10
13
14
10
10
14
11
14
15
11
1
2
t:7
6
0.63357
18
0.09
0.9
0.092
1
0
0
1
1.39404
1
6
0.608171
20
0.09
0.9
0.092
1
0
0.333333
1
0.742286
1
6
0.459363
22
0.09
0.9
0.092
1
0
0.666667
1
0.617557
1
6
0.349375
24
0.09
0.9
0.092
1
0
1
1
0.561189
1
8
0.514022
18
0.09
0.9
0.092
1
0.333333
0
1
0.533357
1
8
0.673938
20
0.09
0.9
0.092
1
0.333333
0.333333
1
1.17394
1
8
0.682056
22
0.09
0.9
0.092
1
0.333333
0.666667
1
1.18206
1
8
0.564957
24
0.09
0.9
0.092
1
0.333333
1
1
1.06496
1
10
0.470747
18
0.09
0.9
0.092
1
0.666667
0
1
1.10405
1
10
0.694477
20
0.09
0.9
0.092
1
0.666667
0.333333
1
1.19448
1
10
0.487165
22
0.09
0.9
0.092
1
0.666667
0.666667
1
0.987165
1
10
0.356058
24
0.09
0.9
0.092
1
0.666667
1
1
0.856058
1
12
0.414692
18
0.09
0.9
0.092
1
1
0
1
0.69135
1
12
0.577546
20
0.09
0.9
0.092
1
1
0.333333
1
0.81022
1
12
0.565338
22
0.09
0.9
0.092
1
1
0.666667
1
1.22738
1
12
0.395458
24
0.09
0.9
0.092
1
1
1
1
1.21099
1
0
4
1
4
5
1
1
5
2
5
6
2
2
6
3
6
7
3
4
8
5
8
9
5
5
9
6
9
10
6
6
10
7
10
11
7
8
12
9
12
13
9
9
13
10
13
14
10
10
14
11
14
15
11
1
3
t:8
12
0.89303
0
0.09
0.9
0.092
1
0
0
1
1.38638
1
12
0.529266
2
0.09
0.9
0.092
1
0
0.333333
1
1.48694
1
12
0.368785
4
0.09
0.9
0.092
1
0
0.666667
1
0.789162
1
12
0.613245
6
0.09
0.9
0.092
1
0
1
1
1.1191
1
14
0.274147
0
0.09
0.9
0.092
1
0.333333
0
1
0.774147
1
14
0.80947
2
0.09
0.9
0.092
1
0.333333
0.333333
1
1.30947
1
14
0.896784
4
0.09
0.9
0.092
1
0.333333
0.666667
1
1.39678
1
14
0.633394
6
0.09
0.9
0.092
1
0.333333
1
1
0.970747
1
16
0.994687
0
0.09
0.9
0.092
1
0.666667
0
1
1.49469
1
16
0.925074
2
0.09
0.9
0.092
1
0.666667
0.333333
1
1.42507
1
16
0.408092
4
0.09
0.9
0.092
1
0.666667
0.666667
1
0.908092
1
16
0.465955
6
0.09
0.9
0.092
1
0.666667
1
1
0.794259
1
18
0.722066
0
0.09
0.9
0.092
1
1
0
1
1.15682
1
18
0.802421
2
0.09
0.9
0.092
1
1
0.333333
1
1.42544
1
18
0.299721
4
0.09
0.9
0.092
1
1
0.666667
1
0.792397
1
18
0.626574
6
0.09
0.9
0.092
1
1
1
1
0.947919
1
0
4
1
4
5
1
1
5
2
5
6
2
2
6
3
6
7
3
4
8
5
8
9
5
5
9
6
9
10
6
6
10
7
10
11
7
8
12
9
12
13
9
9
13
10
13
14
10
10
14
11
14
15
11
2
0
t:9
12
0.613245
6
0.09
0.9
0.092
1
0
0
1
0.88737
1
12
0.229193
8
0.09
0.9
0.092
1
0
0.333333
1
0.825174
1
12
0.891412
10
0.09
0.9
0.092
1
0
0.666667
1
1.32091
1
12
0.404972
12
0.09
0.9
0.092
1
0
1
1
0.673314
1
14
0.633394
6
0.09
0.9
0.092
1
0.333333
0
1
1.29604
1
14
0.7918
8
0.09
0.9
0.092
1
0.333333
0.333333
1
1.2918
1
14
0.00137333
10
0.09
0.9
0.092
1
0.333333
0.666667
1
0.501373
1
14
0.728353
12
0.09
0.9
0.092
1
0.333333
1
1
1.41628
1
16
0.465955
6
0.09
0.9
0.092
1
0.666667
0
1
1.13765
1
16
0.283943
8
0.09
0.9
0.092
1
0.666667
0.333333
1
0.783943
1
16
0.788382
10
0.09
0.9
0.092
1
0.666667
0.666667
1
1.28838
1
16
0.617967
12
0.09
0.9
0.092
1
0.666667
1
1
1.32162
1
18
0.626574
6
0.09
0.9
0.092
1
1
0
1
1.45291
1
18
0.709095
8
0.09
0.9
0.092
1
1
0.333333
1
1.25429
1
18
0.563446
10
0.09
0.9
0.092
1
1
0.666667
1
1.09978
1
18
0.155545
12
0.09
0.9
0.092
1
1
1
1
0.807931
1
0
4
1
4
5
1
1
5
2
5
6
2
2
6
3
6
7
3
4
8
5
8
9
5
5
9
6
9
10
6
6
10
7
10
11
7
8
12
9
12
13
9
9
13
10
13
14
10
10
14
11
14
15
11
2
1
t:10
12
0.404972
12
0.09
0.9
0.092
1
0
0
1
1.46884
1
12
0.696415
14
0.09
0.9
0.092
1
0
0.333333
1
1.07295
1
12
0.718144
16
0.09
0.9
0.092
1
0
0.666667
1
1.17153
1
12
0.414692
18
0.09
0.9
0.092
1
0
1
1
0.628788
1
14
0.728353
12
0.09
0.9
0.092
1
0.333333
0
1
1.04042
1
14
0.327798
14
0.09
0.9
0.092
1
0.333333
0.333333
1
0.827798
1
14
0.281349
16
0.09
0.9
0.092
1
0.333333
0.666667
1
0.781349
1
14
0.853448
18
0.09
0.9
0.092
1
0.333333
1
1
1.32653
1
16
0.617967
12
0.09
0.9
0.092
1
0.666667
0
1
0.914318
1
16
0.158238
14
0.09
0.9
0.092
1
0.666667
0.333333
1
0.658238
1
16
0.372935
16
0.09
0.9
0.092
1
0.666667
0.666667
1
0.872935
1
16
0.576813
18
0.09
0.9
0.092
1
0.666667
1
1
1.48468
1
18
0.155545
12
0.09
0.9
0.092
1
1
0
1
0.596225
1
18
0.168797
14
0.09
0.9
0.092
1
1
0.333333
1
0.778175
1
18
0.398983
16
0.09
0.9
0.092
1
1
0.666667
1
1.11168
1
18
0.306214
18
0.09
0.9
0.092
1
1
1
1
0.685674
1
0
4
1
4
5
1
1
5
2
5
6
2
2
6
3
6
7
3
4
8
5
8
9
5
5
9
6
9
10
6
6
10
7
10
11
7
8
12
9
12
13
9
9
13
10
13
14
10
10
14
11
14
15
11
2
2
t:11
12
0.414692
18
0.09
0.9
0.092
1
0
0
1
1.10295
1
12
0.577546
20
0.09
0.9
0.092
1
0
0.333333
1
1.34487
1
12
0.565338
22
0.09
0.9
0.092
1
0
0.666667
1
0.903301
1
12
0.395458
24
0.09
0.9
0.092
1
0
1
1
0.579928
1
14
0.853448
18
0.09
0.9
0.092
1
0.333333
0
1
1.38036
1
14
0.829521
20
0.09
0.9
0.092
1
0.333333
0.333333
1
1.32952
1
14
0.906855
22
0.09
0.9
0.092
1
0.333333
0.666667
1
1.40685
1
14
0.47215
24
0.09
0.9
0.092
1
0.333333
1
1
0.97215
1
16
0.576813
18
0.09
0.9
0.092
1
0.666667
0
1
0.66895
1
16
0.0463575
20
0.09
0.9
0.092
1
0.666667
0.333333
1
0.546357
1
16
0.572709
22
0.09
0.9
0.092
1
0.666667
0.666667
1
1.07271
1
16
0.831963
24
0.09
0.9
0.092
1
0.666667
1
1
1.33196
1
18
0.306214
18
0.09
0.9
0.092
1
1
0
1
0.597628
1
18
0.711033
20
0.09
0.9
0.092
1
1
0.333333
1
1.496
1
18
0.374232
22
0.09
0.9
0.092
1
1
0.666667
1
0.737525
1
18
0.246848
24
0.09
0.9
0.092
1
1
1
1
0.634098
1
0
4
1
4
5
1
1
5
2
5
6
2
2
6
3
6
7
3
4
8
5
8
9
5
5
9
6
9
10
6
6
10
7
10
11
7
8
12
9
12
13
9
9
13
10
13
14
10
10
14
11
14
15
11
2
3
t:12
18
0.722066
0
0.09
0.9
0.092
1
0
0
1
1.28731
1
18
0.802421
2
0.09
0.9
0.092
1
0
0.333333
1
1.1794
1
18
0.299721
4
0.09
0.9
0.092
1
0
0.666667
1
0.807046
1
18
0.626574
6
0.09
0.9
0.092
1
0
1
1
0.935559
1
20
0.745595
0
0.09
0.9
0.092
1
0.333333
0
1
1.2456
1
20
0.0390331
2
0.09
0.9
0.092
1
0.333333
0.333333
1
0.539033
1
20
0.0578324
4
0.09
0.9
0.092
1
0.333333
0.666667
1
0.557832
1
20
0.421002
6
0.09
0.9
0.092
1
0.333333
1
1
0.594516
1
22
0.833733
0
0.09
0.9
0.092
1
0.666667
0
1
1.33373
1
22
0.183111
2
0.09
0.9
0.092
1
0.666667
0.333333
1
0.68311
1
22
0.589585
4
0.09
0.9
0.092
1
0.666667
0.666667
1
1.08959
1
22
0.296258
6
0.09
0.9
0.092
1
0.666667
1
1
0.53885
1
24
0.0869775
0
0.09
0.9
0.092
1
1
0
1
0.586977
1
24
0.0492567
2
0.09
0.9
0.092
1
1
0.333333
1
0.549257
1
24
0.459119
4
0.09
0.9
0.092
1
1
0.666667
1
0.959119
1
24
0.713826
6
0.09
0.9
0.092
1
1
1
1
1.48932
1
0
4
1
4
5
1
1
5
2
5
6
2
2
6
3
6
7
3
4
8
5
8
9
5
5
9
6
9
10
6
6
10
7
10
11
7
8
12
9
12
13
9
9
13
10
13
14
10
10
14
11
14
15
11
3
0
t:13
18
0.626574
6
0.09
0.9
0.092
1
0
0
1
1.16991
1
18
0.709095
8
0.09
0.9
0.092
1
0
0.333333
1
1.1639
1
18
0.563446
10
0.09
0.9
0.092
1
0
0.666667
1
1.02711
1
18
0.155545
12
0.09
0.9
0.092
1
0
1
1
0.543947
1
20
0.421002
6
0.09
0.9
0.092
1
0.333333
0
1
1.24749
1
20
0.653552
8
0.09
0.9
0.092
1
0.333333
0.333333
1
1.15355
1
20
0.0490431
10
0.09
0.9
0.092
1
0.333333
0.666667
1
0.549043
1
20
0.417355
12
0.09
0.9
0.092
1
0.333333
1
1
1.03068
1
22
0.296258
6
0.09
0.9
0.092
1
0.666667
0
1
1.05367
1
22
0.164586
8
0.09
0.9
0.092
1
0.666667
0.333333
1
0.664586
1
22
0.541549
10
0.09
0.9
0.092
1
0.666667
0.666667
1
1.04155
1
22
0.672275
12
0.09
0.9
0.092
1
0.666667
1
1
1.03282
1
24
0.713826
6
0.09
0.9
0.092
1
1
0
1
0.938336
1
24
0.8471
8
0.09
0.9
0.092
1
1
0.333333
1
1.3471
1
24
0.455396
10
0.09
0.9
0.092
1
1
0.666667
1
0.955396
1
24
0.945201
12
0.09
0.9
0.092
1
1
1
1
1.49551
1
0
4
1
4
5
1
1
5
2
5
6
2
2
6
3
6
7
3
4
8
5
8
9
5
5
9
6
9
10
6
6
10
7
10
11
7
8
12
9
12
13
9
9
13
10
13
14
10
10
14
11
14
15
11
3
1
t:14
18
0.155545
12
0.09
0.9
0.092
1
0
0
1
0.674077
1
18
0.168797
14
0.09
0.9
0.092
1
0
0.333333
1
0.559419
1
18
0.398983
16
0.09
0.9
0.092
1
0
0.666667
1
0.686284
1
18
0.306214
18
0.09
0.9
0.092
1
0
1
1
1.31792
1
20
0.417355
12
0.09
0.9
0.092
1
0.333333
0
1
0.804024
1
20
0.950313
14
0.09
0.9
0.092
1
0.333333
0.333333
1
1.45031
1
20
0.454969
16
0.09
0.9
0.092
1
0.333333
0.666667
1
0.954969
1
20
0.801627
18
0.09
0.9
0.092
1
0.333333
1
1
1.3384
1
22
0.672275
12
0.09
0.9
0.092
1
0.666667
0
1
1.31173
1
22
0.573227
14
0.09
0.9
0.092
1
0.666667
0.333333
1
1.07323
1
22
0.587571
16
0.09
0.9
0.092
1
0.666667
0.666667
1
1.08757
1
22
0.335947
18
0.09
0.9
0.092
1
0.666667
1
1
0.618167
1
24
0.945201
12
0.09
0.9
0.092
1
1
0
1
1.39489
1
24
0.69109
14
0.09
0.9
0.092
1
1
0.333333
1
1.19109
1
24
0.72759
16
0.09
0.9
0.092
1
1
0.666667
1
1.22759
1
24
0.562103
18
0.09
0.9
0.092
1
1
1
1
0.930218
1
0
4
1
4
5
1
1
5
2
5
6
2
2
6
3
6
7
3
4
8
5
8
9
5
5
9
6
9
10
6
6
10
7
10
11
7
8
12
9
12
13
9
9
13
10
13
14
10
10
14
11
14
15
11
3
2
t:15
18
0.306214
18
0.09
0.9
0.092
1
0
0
1
0.62363
1
18
0.711033
20
0.09
0.9
0.092
1
0
0.333333
1
0.926068
1
18
0.374232
22
0.09
0.9
0.092
1
0
0.666667
1
1.01094
1
18
0.246848
24
0.09
0.9
0.092
1
0
1
1
0.859599
1
20
0.801627
18
0.09
0.9
0.092
1
0.333333
0
1
1.26485
1
20
0.411632
20
0.09
0.9
0.092
1
0.333333
0.333333
1
0.911632
1
20
0.23487
22
0.09
0.9
0.092
1
0.333333
0.666667
1
0.73487
1
20
0.921198
24
0.09
0.9
0.092
1
0.333333
1
1
1.4212
1
22
0.335947
18
0.09
0.9
0.092
1
0.666667
0
1
1.05373
1
22
0.602769
20
0.09
0.9
0.092
1
0.666667
0.333333
1
1.10277
1
22
0.0526138
22
0.09
0.9
0.092
1
0.666667
0.666667
1
0.552614
1
22
0.101199
24
0.09
0.9
0.092
1
0.666667
1
1
0.601199
1
24
0.562103
18
0.09
0.9
0.092
1
1
0
1
1.19399
1
24
0.400554
20
0.09
0.9
0.092
1
1
0.333333
1
0.900554
1
24
0.224249
22
0.09
0.9
0.092
1
1
0.666667
1
0.724249
1
24
0.229193
24
0.09
0.9
0.092
1
1
1
1
0.729193
1
0
4
1
4
5
1
1
5
2
5
6
2
2
6
3
6
7
3
4
8
5
8
9
5
5
9
6
9
10
6
6
10
7
10
11
7
8
12
9
12
13
9
9
13
10
13
14
10
10
14
11
14
15
11
3
3
