16
54
18
1
4
3
t:0
0
0.769064
0
1
0
0
1
0
0
1
1.26906
1
0
0.410717
1
1
0
0
1
0
0.333333
1
0.910717
1
0
0.201971
2
1
0
0
1
0
0.666667
1
0.701971
1
0
0.682987
3
1
0
0
1
0
1
1
1.12807
1
1
0.604143
0
1
0
0
1
0.333333
0
1
1.10414
1
1
0.451612
1
0.1
0.9
0.2
1
0.333333
0.333333
1
0.951612
1
1
0.466352
2
0.1
0.9
0.2
1
0.333333
0.666667
1
0.966352
1
1
0.393382
3
1
0
0
1
0.333333
1
1
1.09783
1
2
0.634722
0
1
0
0
1
0.666667
0
1
1.13472
1
2
0.85479
1
0.1
0.9
0.2
1
0.666667
0.333333
1
1.35479
1
2
0.828789
2
0.1
0.9
0.2
1
0.666667
0.666667
1
1.32879
1
2
0.488035
3
1
0
0
1
0.666667
1
1
1.12477
1
3
0.73261
0
1
0
0
1
1
0
1
1.22091
1
3
0.360316
1
1
0
0
1
1
0.333333
1
1.06575
1
3
0.351023
2
1
0
0
1
1
0.666667
1
0.875132
1
3
0.297387
3
1
0
0
1
1
1
1
0.68427
1
0
4
1
4
5
1
1
5
2
5
6
2
2
6
3
6
7
3
4
8
5
8
9
5
5
9
6
9
10
6
6
10
7
10
11
7
8
12
9
12
13
9
9
13
10
13
14
10
10
14
11
14
15
11
0
0
t:1
0
0.682987
3
1
0
0
1
0
0
1
1.2379
1
0
0.55513
4
1
0
0
1
0
0.333333
1
1.05513
1
0
0.905085
5
1
0
0
1
0
0.666667
1
1.40508
1
0
0.195989
6
1
0
0
1
0
1
1
0.742866
1
1
0.393382
3
1
0
0
1
0.333333
0
1
0.68894
1
1
0.604722
4
0.1
0.9
0.2
1
0.333333
0.333333
1
1.10472
1
1
0.698506
5
0.1
0.9
0.2
1
0.333333
0.666667
1
1.19851
1
1
0.599656
6
1
0
0
1
0.333333
1
1
1.08461
1
2
0.488035
3
1
0
0
1
0.666667
0
1
0.851297
1
2
0.494459
4
0.1
0.9
0.2
1
0.666667
0.333333
1
0.994459
1
2
0.0803855
5
0.1
0.9
0.2
1
0.666667
0.666667
1
0.580386
1
2
0.858636
6
1
0
0
1
0.666667
1
1
1.24074
1
3
0.297387
3
1
0
0
1
1
0
1
1.11205
1
3
0.723531
4
1
0
0
1
1
0.333333
1
1.12038
1
3
0.825096
5
1
0
0
1
1
0.666667
1
1.19112
1
3
0.54348
6
1
0
0
1
1
1
1
1.30453
1
0
4
1
4
5
1
1
5
2
5
6
2
2
6
3
6
7
3
4
8
5
8
9
5
5
9
6
9
10
6
6
10
7
10
11
7
8
12
9
12
13
9
9
13
10
13
14
10
10
14
11
14
15
11
0
1
t:2
0
0.195989
6
1
0
0
1
0
0
1
0.649113
1
0
0.576035
7
1
0
0
1
0
0.333333
1
1.07604
1
0
0.86773
8
1
0
0
1
0
0.666667
1
1.36773
1
0
0.911555
9
1
0
0
1
0
1
1
1.41155
1
1
0.599656
6
1
0
0
1
0.333333
0
1
1.1147
1
1
0.727681
7
0.1
0.9
0.2
1
0.333333
0.333333
1
1.22768
1
1
0.0432141
8
0.1
0.9
0.2
1
0.333333
0.666667
1
0.543214
1
1
0.667773
9
1
0
0
1
0.333333
1
1
1.16777
1
2
0.858636
6
1
0
0
1
0.666667
0
1
1.47653
1
2
0.315011
7
0.1
0.9
0.2
1
0.666667
0.333333
1
0.815011
1
2
0.569199
8
0.1
0.9
0.2
1
0.666667
0.666667
1
1.0692
1
2
0.305825
9
1
0
0
1
0.666667
1
1
0.805825
1
3
0.54348
6
1
0
0
1
1
0
1
0.673924
1
3
0.106677
7
1
0
0
1
1
0.333333
1
0.608554
1
3
0.687046
8
1
0
0
1
1
0.666667
1
1.36904
1
3
0.539154
9
1
0
0
1
1
1
1
1.35122
1
0
4
1
4
5
1
1
5
2
5
6
2
2
6
3
6
7
3
4
8
5
8
9
5
5
9
6
9
10
6
6
10
7
10
11
7
8
12
9
12
13
9
9
13
10
13
14
10
10
14
11
14
15
11
0
2
t:3
3
0.73261
0
1
0
0
1
0
0
1
1.24431
1
3
0.360316
1
1
0
0
1
0
0.333333
1
0.654881
1
3
0.351023
2
1
0
0
1
0
0.666667
1
0.826913
1
3
0.297387
3
1
0
0
1
0
1
1
0.579348
1
4
0.0766012
0
1
0
0
1
0.333333
0
1
0.576601
1
4
0.640978
1
0.1
0.9
0.2
1
0.333333
0.333333
1
1.14098
1
4
0.819999
2
0.1
0.9
0.2
1
0.333333
0.666667
1
1.32
1
4
0.635058
3
1
0
0
1
0.333333
1
1
1.04509
1
5
0.448254
0
1
0
0
1
0.666667
0
1
0.948254
1
5
0.408977
1
0.1
0.9
0.2
1
0.666667
0.333333
1
0.908977
1
5
0.298745
2
0.1
0.9
0.2
1
0.666667
0.666667
1
0.798745
1
5
0.265648
3
1
0
0
1
0.666667
1
1
0.965558
1
6
0.516677
0
1
0
0
1
1
0
1
1.0012
1
6
0.379466
1
1
0
0
1
1
0.333333
1
0.652653
1
6
0.35911
2
1
0
0
1
1
0.666667
1
0.823037
1
6
0.582711
3
1
0
0
1
1
1
1
1.238
1
0
4
1
4
5
1
1
5
2
5
6
2
2
6
3
6
7
3
4
8
5
8
9
5
5
9
6
9
10
6
6
10
7
10
11
7
8
12
9
12
13
9
9
13
10
13
14
10
10
14
11
14
15
11
1
0
t:4
3
0.297387
3
1
0
0
1
0
0
1
0.813882
1
3
0.723531
4
1
0
0
1
0
0.333333
1
1.32668
1
3
0.825096
5
1
0
0
1
0
0.666667
1
1.45907
1
3
0.54348
6
1
0
0
1
0
1
1
1.37335
1
4
0.635058
3
1
0
0
1
0.333333
0
1
1.22503
1
4
0.300057
4
0.1
0.9
0.2
1
0.333333
0.333333
1
0.800057
1
4
0.943996
5
0.1
0.9
0.2
1
0.333333
0.666667
1
1.444
1
4
0.208761
6
1
0
0
1
0.333333
1
1
0.627231
1
5
0.265648
3
1
0
0
1
0.666667
0
1
0.565737
1
5
0.784964
4
0.1
0.9
0.2
1
0.666667
0.333333
1
1.28496
1
5
0.524581
5
0.1
0.9
0.2
1
0.666667
0.666667
1
1.02458
1
5
0.362086
6
1
0
0
1
0.666667
1
1
1.10964
1
6
0.582711
3
1
0
0
1
1
0
1
1.45611
1
6
0.124424
4
1
0
0
1
1
0.333333
1
0.572268
1
6
0.624941
5
1
0
0
1
1
0.666667
1
1.37563
1
6
0.608202
6
1
0
0
1
1
1
1
1.15386
1
0
4
1
4
5
1
1
5
2
5
6
2
2
6
3
6
7
3
4
8
5
8
9
5
5
9
6
9
10
6
6
10
7
10
11
7
8
12
9
12
13
9
9
13
10
13
14
10
10
14
11
14
15
11
1
1
t:5
3
0.54348
6
1
0
0
1
0
0
1
0.822122
1
3
0.106677
7
1
0
0
1
0
0.333333
1
0.6048
1
3
0.687046
8
1
0
0
1
0
0.666667
1
1.00505
1
3
0.539154
9
1
0
0
1
0
1
1
0.727088
1
4
0.208761
6
1
0
0
1
0.333333
0
1
0.790291
1
4
0.919978
7
0.1
0.9
0.2
1
0.333333
0.333333
1
1.41998
1
4
0.551163
8
0.1
0.9
0.2
1
0.333333
0.666667
1
1.05116
1
4
0.662799
9
1
0
0
1
0.333333
1
1
1.1628
1
5
0.362086
6
1
0
0
1
0.666667
0
1
0.614536
1
5
0.492537
7
0.1
0.9
0.2
1
0.666667
0.333333
1
0.992537
1
5
0.37913
8
0.1
0.9
0.2
1
0.666667
0.666667
1
0.87913
1
5
0.496809
9
1
0
0
1
0.666667
1
1
0.996809
1
6
0.608202
6
1
0
0
1
1
0
1
1.29336
1
6
0.26197
7
1
0
0
1
1
0.333333
1
1.00926
1
6
0.254417
8
1
0
0
1
1
0.666667
1
0.882365
1
6
0.698032
9
1
0
0
1
1
1
1
1.18816
1
0
4
1
4
5
1
1
5
2
5
6
2
2
6
3
6
7
3
4
8
5
8
9
5
5
9
6
9
10
6
6
10
7
10
11
7
8
12
9
12
13
9
9
13
10
13
14
10
10
14
11
14
15
11
1
2
t:6
6
0.516677
0
1
0
0
1
0
0
1
1.03215
1
6
0.379466
1
1
0
0
1
0
0.333333
1
1.10628
1
6
0.35911
2
1
0
0
1
0
0.666667
1
0.895183
1
6
0.582711
3
1
0
0
1
0
1
1
0.50589
1
7
0.707875
0
1
0
0
1
0.333333
0
1
1.20787
1
7
0.100619
1
0.1
0.9
0.2
1
0.333333
0.333333
1
0.600619
1
7
0.623064
2
0.1
0.9
0.2
1
0.333333
0.666667
1
1.12306
1
7
0.80326
3
1
0
0
1
0.333333
1
1
1.36324
1
8
0.491499
0
1
0
0
1
0.666667
0
1
0.991499
1
8
0.747335
1
0.1
0.9
0.2
1
0.666667
0.333333
1
1.24733
1
8
0.496901
2
0.1
0.9
0.2
1
0.666667
0.666667
1
0.996901
1
8
0.354975
3
1
0
0
1
0.666667
1
1
0.880107
1
9
0.785361
0
1
0
0
1
1
0
1
1.28536
1
9
0.552811
1
1
0
0
1
1
0.333333
1
1.05281
1
9
0.357096
2
1
0
0
1
1
0.666667
1
0.857096
1
9
0.901392
3
1
0
0
1
1
1
1
1.45571
1
0
4
1
4
5
1
1
5
2
5
6
2
2
6
3
6
7
3
4
8
5
8
9
5
5
9
6
9
10
6
6
10
7
10
11
7
8
12
9
12
13
9
9
13
10
13
14
10
10
14
11
14
15
11
2
0
t:7
6
0.582711
3
1
0
0
1
0
0
1
1.13085
1
6
0.124424
4
1
0
0
1
0
0.333333
1
0.67658
1
6
0.624941
5
1
0
0
1
0
0.666667
1
0.874247
1
6
0.608202
6
1
0
0
1
0
1
1
0.631626
1
7
0.80326
3
1
0
0
1
0.333333
0
1
1.24328
1
7
0.951717
4
0.1
0.9
0.2
1
0.333333
0.333333
1
1.45172
1
7
0.611986
5
0.1
0.9
0.2
1
0.333333
0.666667
1
1.11199
1
7
0.322488
6
1
0
0
1
0.333333
1
1
0.527833
1
8
0.354975
3
1
0
0
1
0.666667
0
1
0.829843
1
8
0.0559097
4
0.1
0.9
0.2
1
0.666667
0.333333
1
0.55591
1
8
0.639208
5
0.1
0.9
0.2
1
0.666667
0.666667
1
1.13921
1
8
0.377864
6
1
0
0
1
0.666667
1
1
0.631626
1
9
0.901392
3
1
0
0
1
1
0
1
1.34707
1
9
0.864312
4
1
0
0
1
1
0.333333
1
1.36431
1
9
0.596879
5
1
0
0
1
1
0.666667
1
1.09688
1
9
0.691318
6
1
0
0
1
1
1
1
1.22164
1
0
4
1
4
5
1
1
5
2
5
6
2
2
6
3
6
7
3
4
8
5
8
9
5
5
9
6
9
10
6
6
10
7
10
11
7
8
12
9
12
13
9
9
13
10
13
14
10
10
14
11
14
15
11
2
1
t:8
6
0.608202
6
1
0
0
1
0
0
1
1.35397
1
6
0.26197
7
1
0
0
1
0
0.333333
1
0.514679
1
6
0.254417
8
1
0
0
1
0
0.666667
1
0.626468
1
6
0.698032
9
1
0
0
1
0
1
1
1.20791
1
7
0.322488
6
1
0
0
1
0.333333
0
1
1.11714
1
7
0.217566
7
0.1
0.9
0.2
1
0.333333
0.333333
1
0.717566
1
7
0.0659503
8
0.1
0.9
0.2
1
0.333333
0.666667
1
0.56595
1
7
0.168919
9
1
0
0
1
0.333333
1
1
0.668919
1
8
0.377864
6
1
0
0
1
0.666667
0
1
1.1241
1
8
0.340982
7
0.1
0.9
0.2
1
0.666667
0.333333
1
0.840982
1
8
0.319406
8
0.1
0.9
0.2
1
0.666667
0.666667
1
0.819406
1
8
0.367564
9
1
0
0
1
0.666667
1
1
0.867564
1
9
0.691318
6
1
0
0
1
1
0
1
1.161
1
9
0.80239
7
1
0
0
1
1
0.333333
1
1.30239
1
9
0.806876
8
1
0
0
1
1
0.666667
1
1.30688
1
9
0.526534
9
1
0
0
1
1
1
1
1.02653
1
0
4
1
4
5
1
1
5
2
5
6
2
2
6
3
6
7
3
4
8
5
8
9
5
5
9
6
9
10
6
6
10
7
10
11
7
8
12
9
12
13
9
9
13
10
13
14
10
10
14
11
14
15
11
2
2
